DA1:
(493,145),(190,170),(140,292),(55,475),(10,220),(150,130),(317,492),(450,480),(400,260)
DA2:
(16,177),(480,580),(145,350),(440,10),(350,410),(50,300),(270,420),(207,35),(145,110)
DA3:
(280,547),(17,210),(195,295),(410,200),(80,225),(285,120),(380,485),(195,320),(105,320)
DA4:
(50,570),(480,450),(290,50),(440,20),(160,510),(480,585),(240,470),(140,140),(30,50)
DA5:
(455,545),(50,560),(130,130),(150,350),(10,100),(185,560),(390,80),(250,60),(360,330)
DA6:
(315,200),(460,225),(160,350),(363,10),(420,300),(60,140),(150,125),(260,310),(150,230)
DA7:
(180,530),(450,65),(460,230),(150,20),(160,450),(390,280),(470,580),(260,400),(260,160)
DA8:
(40,490),(90,210),(440,440),(260,480),(240,175),(115,550),(20,590),(20,265),(410,155)
DA9:
(15,330),(355,328),(270,550),(460,350),(255,270),(185,300),(25,290),(410,330),(305,345)
DA10:
(350,330),(470,500),(120,400),(40,385),(220,400),(280,240),(410,430),(460,280),(20,70)