MA1:
(493,145),(190,170),(140,292),(55,475),(10,220),(150,130)
MA2:
(16,177),(480,580),(145,350),(440,10),(350,410),(50,300)
MA3:
(280,547),(17,210),(195,295),(410,200),(80,225),(285,120)
MA4:
(50,570),(480,450),(290,50),(440,20),(160,510),(480,585)
MA5:
(455,545),(50,560),(130,130),(150,350),(10,100),(185,560)
MA6:
(315,200),(460,225),(160,350),(363,10),(420,300),(60,140)
MA7:
(180,530),(450,65),(460,230),(150,20),(160,450),(390,280)
MA8:
(40,490),(90,210),(440,440),(260,480),(240,175),(115,550)
MA9:
(15,330),(355,328),(270,550),(460,350),(255,270),(185,300)
MA10:
(350,330),(470,500),(120,400),(40,385),(220,400),(280,240)